              precision    recall  f1-score   support

           0      0.358     0.499     0.417      5000
           1      0.931     0.622     0.746      5000
           2      0.353     0.676     0.464      5000
           3      0.468     0.779     0.584      5000
           4      0.505     0.677     0.579      5000
           5      0.234     0.022     0.041      5000
           6      0.756     0.518     0.615      5000
           7      0.768     0.525     0.624      5000
           8      0.791     0.739     0.764      5000
           9      0.942     0.313     0.470      5000
          10      0.818     0.962     0.884      5000
          11      0.548     0.873     0.673      5000
          12      0.906     0.707     0.795      5000
          13      0.716     0.530     0.609      5000

    accuracy                          0.603     70000
   macro avg      0.650     0.603     0.590     70000
weighted avg      0.650     0.603     0.590     70000
